# unix_time, cycles_done, cur_path, paths_total, pending_total, pending_favs, map_size, unique_crashes, unique_hangs, max_depth, execs_per_sec
1537042003, 0, 0, 2, 2, 2, 0.20%, 0, 0, 1, 333.33
1537042008, 0, 0, 20, 20, 2, 0.23%, 0, 0, 2, 608.35
1537042013, 0, 0, 22, 22, 2, 0.23%, 0, 0, 2, 597.11
1537042044, 0, 0, 23, 23, 2, 0.23%, 0, 0, 2, 563.47
1537042049, 0, 2, 23, 22, 8, 0.23%, 0, 0, 2, 544.05
1537042054, 0, 10, 23, 20, 6, 0.23%, 0, 0, 2, 587.62
1537042059, 0, 15, 23, 18, 3, 0.23%, 0, 0, 2, 598.20
1537042064, 0, 19, 23, 17, 2, 0.23%, 0, 0, 2, 781.06
1537042069, 0, 21, 24, 17, 1, 0.23%, 0, 0, 3, 769.28
1537042074, 1, 6, 24, 16, 0, 0.23%, 0, 0, 3, 731.00
1537042079, 1, 7, 24, 15, 0, 0.23%, 0, 0, 3, 765.94
1537042084, 1, 17, 24, 13, 0, 0.23%, 0, 0, 3, 618.82
1537042089, 2, 3, 24, 12, 0, 0.23%, 0, 0, 3, 607.70
1537042094, 2, 10, 24, 11, 0, 0.23%, 0, 0, 3, 666.53
1537042099, 3, 2, 24, 11, 0, 0.23%, 0, 0, 3, 593.31
1537042104, 3, 4, 24, 11, 0, 0.23%, 0, 0, 3, 682.35
1537042109, 3, 16, 24, 10, 0, 0.23%, 0, 0, 3, 583.48
1537042115, 4, 7, 24, 9, 0, 0.23%, 0, 0, 3, 559.24
1537042120, 4, 17, 24, 9, 0, 0.23%, 0, 0, 3, 563.11
1537042125, 4, 18, 24, 9, 0, 0.23%, 0, 0, 3, 415.35
1537042135, 5, 10, 24, 8, 0, 0.23%, 0, 0, 3, 525.18
1537042140, 5, 11, 24, 8, 0, 0.23%, 0, 0, 3, 579.11
1537042145, 6, 1, 24, 7, 0, 0.23%, 0, 0, 3, 626.85
1537042161, 6, 12, 24, 6, 0, 0.23%, 0, 0, 3, 645.03
1537042166, 6, 14, 24, 6, 0, 0.23%, 0, 0, 3, 707.79
1537042171, 6, 23, 24, 4, 0, 0.23%, 0, 0, 3, 575.93
1537042186, 7, 2, 24, 3, 0, 0.23%, 0, 0, 3, 465.18
1537042191, 7, 8, 24, 2, 0, 0.23%, 0, 0, 3, 659.53
1537042196, 7, 10, 24, 1, 0, 0.23%, 0, 0, 3, 676.95
1537042201, 7, 20, 24, 1, 0, 0.23%, 0, 0, 3, 580.52
1537042212, 8, 14, 24, 0, 0, 0.23%, 0, 0, 3, 556.82
1537042217, 9, 12, 24, 0, 0, 0.23%, 0, 0, 3, 585.34
1537042222, 10, 3, 24, 0, 0, 0.23%, 0, 0, 3, 584.42
1537042227, 10, 19, 24, 0, 0, 0.23%, 0, 0, 3, 601.93
1537042232, 11, 10, 24, 0, 0, 0.23%, 0, 0, 3, 612.58
1537042237, 11, 23, 24, 0, 0, 0.23%, 0, 0, 3, 582.81
1537042242, 12, 14, 24, 0, 0, 0.23%, 0, 0, 3, 587.32
1537042247, 13, 7, 24, 0, 0, 0.23%, 0, 0, 3, 581.24
1537042252, 13, 19, 24, 0, 0, 0.23%, 0, 0, 3, 595.74
1537042258, 14, 13, 24, 0, 0, 0.23%, 0, 0, 3, 579.55
1537042263, 15, 10, 24, 0, 0, 0.23%, 0, 0, 3, 589.93
1537042268, 15, 19, 24, 0, 0, 0.23%, 0, 0, 3, 600.05
1537042405, 16, 24, 25, 1, 1, 0.23%, 0, 0, 3, 0.14
